184243
269746
340623
356032
416870
496879
518226
542390
556226
636349
728802
798358
829849
843220
931363
1013956
1044601
1133586
1160776
1185224
1222692
1272584
1327298
1402459
1403352
1461234
1501267
1530788
1536077
1540778
1573520
1592271
1660857
1714841
1767025
1810832
1867132
1964781
2053025
2144694
2233088
2310663
2380871
2459082
2543936
2631530
2657764
2720945
2789504
2827199
2891596
2946952
2955210
3032284
3060673
3100656
3140866
3210838
3258927
3293691
3340636
3438448
3534110
3589330
3676123
3745908
3831735
3907457
3944716
4002338
4059904
4158085
4215916
4284863
4314697
4381757
4430426
4443187
4491069
4589408
4598466
4613211
4673349
4721191
4792369
4793460
4845665
4944374
4949366
5047039
5139775
5237894
5335409
5434348
5471004
5556843
5590589
5654711
5696679
5753296
5837104
5905717
6005431
6072627
6084619
6122811
6184648
6213682
6291162
6303899
6343209
6432516
6469140
6550552
6602002
6623692
6670418
6744994
6802895
6894938
6973068
6996715
7035973
7112602
7161216
7235952
7288979
7292692
7323031
7365228
7377767
7475862
7476038
7540994
7619301
7654336
7691230
7767247
7834283
7867462
7931547
8022053
8116132
8192573
8208719
8287118
8385162
8449207
8518651
8597513
8649005
8701354
8787433
8795434
8864184
8929948
8941367
9038011
9101165
9171562
9262608
9323882
9374560
9468678
9555452
9603125
9693917
9789708
9862150
9919880
9999446
10065795
10106316
10166124
10180752
10220572
10220672
10305516
10345406
10358336
10456315
10473185
10477113
10548358
10556647
10565765
10647533
10715775
10781543
10875906
10909919
10995551
11078257
11175346
11243345
11296887
11365496
11456632
11552292
11582687
11602509
11657834
11691464
11756741
11791304
11836194
11890195
11966033
12049964
12117974
12180343
12210661
12290140
12321257
12364524
12374147
12420353
12476761
12568347
12628518
12649797
12724718
12816241
12898760
12939017
13015133
13022689
13122464
13196683
13278906
13314153
13366543
13455703
13472289
13496354
13566337
13621500
13694889
13786854
13884948
13896564
13900215
13956797
14027712
14043753
14066381
14087521
14112116
14114131
14115194
14197004
14213748
14277623
14333072
14426828
14517591
14609856
14622218
14654199
14687376
14751978
14847063
14869572
14885615
14960905
15011279
15078851
15115906
15193092
15225636
15227514
15292640
15364732
15382444
15463483
15550959
15569334
15598828
15645038
15657389
15668741
15684771
15688161
15688764
15700591
15701714
15705638
15772040
15808872
15885003
15936109
15960753
16027104
16061619
16065191
16131391
16195195
16242443
16247374
16289268
16377491
16454436
16472956
16474396
16513801
16586372
16590878
16629099
16711951
16774777
16799344
16804026
16892050
16925841
16955287
17022520
17039672
17040402
17069330
17157334
17222848
17311149
17385506
17418343
17477392
17569185
17612268
17709606
17732207
17760105
17816254
17911891
17951374
18045444
18138196
18233401
18307241
18345914
18424582
18497364
18548125
18616148
18643255
18704671
18723196
18749398
18783946
18832410
18851397
18853936
18870298
18967698
19003257
19053044
19080782
19138825
19203991
19267988
19288705
19313235
19334409
19402439
19457725
19475629
19562174
19657937
19676859
19704178
19765448
19766512
19774936
19834608
19885674
19930522
19953155
19979078
20037318
20089101
20122232
20197481
20246875
20334646
20335050
20428625
20511108
20589204
20617578
20675919
20751117
20815628
20859666
20884802
20973001
21019519
21091306
21160280
21235587
21247763
21309793
21359649
21424115
21424783
21482492
21534892
21629725
21695140
21775197
21848619
21935493
22029652
22046118
22052667
22145192
22185819
22213350
22301527
22305992
22405181
22453037
22536731
22591110
22638564
22725660
22729129
22828383
22833013
22908891
22930667
23023448
23046508
23136095
23154441
23202308
23243312
23256742
23257123
23265878
23324710
23417160
23481981
23566623
23568728
23586033
23646187
23723939
23763933
23794190
23854994
23863054
23946222
24027503
24056822
24141113
24143247
24156136
24226807
24280013
24283877
24355109
24390237
24435620
24479484
24562906
24608563
24699486
24792545
24874976
24907284
25002252
25021437
25077374
25131271
25193297
25256329
25337817
25346418
25420136
25442713
25542173
25601031
25666415
25680037
25694249
25785198
25804267
25853197
25902106
25957311
26009007
26020567
26119415
26202200
26288028
26362699
26409968
26497901
26581149
26590151
26645438
26726893
26774222
26790960
26859750
26890982
26989016
27034259
27077856
27176102
27212644
27267250
27276551
27363833
27412384
27503669
27514759
27586213
27652042
27696523
27720195
27754534
27845514
27924415
27927838
27965360
27985292
28077870
28090801
28103478
28104297
28110422
28163670
28178139
28242579
28278195
28345570
28394784
28460987
28541955
28621351
28659132
28668847
28693428
28756842
28820791
28867386
28876770
28941744
29036021
29063085
29118706
29187928
29258096
29321624
29401928
29496438
29536506
29623353
29628214
29719784
29737892
29830689
29841342
29900315
29966023
30051706
30110497
30194631
30211346
30215476
30223809
30226467
30256355
30348864
30373749
30459095
30547849
30635298
30715624
30757041
30819610
30853757
30891395
30919572
30979171
31077326
31078361
31166602
31179376
31268320
31288193
31296501
31343493
31426986
31476323
31486457
31575729
31596780
31607551
31688385
31777742
31791856
31823158
31874265
31897514
31989069
32009213
32066224
32127282
32186598
32186707
32209352
32292797
32358812
32441708
32474868
32555102
32624955
32642684
32662945
32757977
32777876
32821724
32875543
32877489
32953140
33015527
33085911
33154418
33242674
33272463
33355506
33370485
33467907
33564240
33564905
33648684
33663692
33675504
33707590
33726901
33765168
33772608
33781195
33865388
33884801
33932000
34030913
34110041
34111488
34131300
34138820
34196990
34275757
34312261
34324416
34378141
34393865
34425145
34425676
34447575
34468707
34513982
34528965
34538172
34620309
34633385
34666137
34760228
34851544
34869137
34955829
35039745
35124174
35130297
35182446
35217814
35303536
35387570
35458867
35459093
35479526
35562924
35568366
35649988
35743225
35819914
35887687
35904451
35916638
35961722
35985681
36068916
36107649
36163517
36163546
36247377
36327477
36342200
36403032
36475978
36513471
36540729
36608271
36636697
36672217
36691695
36745010
36834845
36880481
36964892
37008905
37076656
37170775
37186647
37284133
37288663
37290948
37339127
37375721
37427790
37472004
37522191
37585382
37681505
37719410
37754712
37780786
37805296
37882432
37916728
37946432
37969376
37980321
38053577
38094517
38097235
38191901
38245712
38320871
38335673
38365531
38445015
38500902
38509700
38599219
38659878
38713422
38721936
38819366
38820594
38836727
38856671
38882218
38959058
39016385
39112852
39210789
39233134
39308667
39389166
39428336
39453530
39532243
39539574
39632216
39677783
39735938
39740856
39833270
39875748
39933337
39979613
40008142
40045013
40089888
40156671
40157714
40236025
40301723
40397180
40426115
40484271
40496716
40517735
40599389
40682203
40757684
40798739
40853806
40903574
40910996
40941979
41023910
41069032
41144133
41215906
41268229
41309615
41346344
41370371
41452801
41506625
41582143
41620289
41647690
41649011
41669211
41700145
41744068
41753540
41841157
41849130
41889543
41923785
41975618
41982916
42009288
42031992
42119188
42121054
42131508
42140318
42154392
42231555
42246949
42252579
42270380
42351300
42373871
42399182
42399452
42401596
42464627
42546998
42641756
42679944
42714607
42784364
42822082
42877634
42958771
42986423
43073915
43099547
43195278
43248511
43318195
43393795
43477930
43550382
43623663
43669471
43670405
43682535
43698285
43767495
43867400
43931043
43978893
44062457
44139698
44215676
44239931
44329128
44372062
44448982
44478976
44524651
44554727
44624007
44694564
44738272
44800900
44889995
44970499
45047386
45075106
45142734
45153814
45191165
45247105
45303105
45382971
45416174
45432402
45441118
45515980
45548439
45606622
45625255
45665632
45735773
45820392
45849242
45895167
45902224
45919016
45973626
45994875
46010542
46101580
46145801
46146793
46155493
46200593
46269221
46337045
46383190
